Анализ времени работы
BR_DOUBLE
4568
BR_INT
4513
BR_SMOOTH
4667
CDA
5176
WU
6606


Анализ максимальной ступеньки
BR_DOUBLE

101
34
15
10
8
6
5
4
4
4
3
3
3
3
2
2
2
2
2
2
2
2
2
2
2
2
2
2
2
2
2
2
3
3
3
3
4
4
4
5
6
8
10
15
34
101
BR_INT

101
34
15
10
8
6
5
4
4
4
3
3
3
3
2
2
2
2
2
2
2
2
2
2
2
2
2
2
2
2
2
2
3
3
3
3
4
4
4
5
6
8
10
15
34
101
BR_SMOOTH

101
34
15
10
8
6
5
4
4
4
3
3
3
3
2
2
2
2
2
2
2
2
2
2
2
2
2
2
2
2
2
2
3
3
3
3
4
4
4
5
6
8
10
15
34
101
CDA

101
34
15
10
8
6
5
4
4
4
3
3
3
3
2
2
2
2
2
2
2
2
2
2
2
2
2
2
2
2
2
2
3
3
3
3
4
4
4
5
6
8
10
15
34
101
WU

101
34
15
10
8
6
5
4
4
4
3
3
3
3
2
2
2
2
2
2
2
2
2
2
2
2
2
2
2
2
2
2
3
3
3
3
4
4
4
5
6
8
10
15
34
101




